-1.997160204112261
-1.9939691997248894
-1.9885966902035404
-1.9802603905811433
-1.968089839094853
-1.9511165730783666
-1.9282419535352369
-1.8981729427274443
-1.8593037975495152
-1.8094895805450082
-1.7455571249969284
-1.6620192724770733
-1.5480943789947288
-1.3946868510154729
-1.2366941442137387
-1.1178338757680375
-1.0320447843136245
-0.9647380316982807
-0.9085448265146157
-0.8600379308511634
-0.8173610538082825
-0.7793411267416511
-0.7451559848884528
-0.714192183969411
-0.6859739001389262
-0.6601223179973097
-0.636330062493887
-0.6143439902005523
-0.5939530623404851
-0.5749795129386658
-0.5572722546965894