0.007099426612215321
0.01146732931882143
0.01818824292310922
0.027788734944455374
0.04077254115784996
0.05763654622830178
0.07890241440418048
0.10516662447951562
0.1371807070022324
0.17599393424000678
0.2232529916578112
0.28198699276557826
0.3583482431774795
0.45664861309821514
0.5537154836509522
0.6238005674883291
0.672388132479363
0.7090586955115314
0.7385560991351459
0.7631229859066431
0.7840032070151927
0.8019942333921092
0.8176565292852906
0.831406009233208
0.8435619863869799
0.854375387959015
0.8640468687140126
0.8727391323502708
0.8805856514574879
0.8876970182212816
0.8941656727008463