-2.00208115165211
-2.0027126014093724
-2.0037252453653314
-2.0053005788426432
-2.0076557598218123
-2.011042487351407
-2.015747531269045
-2.0220960564473147
-2.0304593540639866
-2.0412700092418237
-2.055051488435298
-2.072482099356154
-2.094548142712304
-2.1226936579694384
-2.1578293273938445
-2.198797887233611
-2.243811023815722
-2.2917395279406736
-2.341943444357073
-2.3940119145460255
-2.44764989128589
-2.5026312560149844
-2.5587762022981475
-2.615938396931371
-2.6739967826106454
-2.7328499375599127
-2.7924120058086483
-2.8526096653263684
-2.913379816227827
-2.974667785887718
-3.0364259146409034