0.02337956468662014
0.050322061746555846
0.0967202757394989
0.1707041486829985
0.28226274439832194
0.44386771539895564
0.6716269930990529
0.9874185327521992
1.4230679392209278
2.029454122468451
2.9003230679431
4.248021686523861
6.48933991193786
8.801156017584727
8.10543645065045
6.207074794262371
5.055971097787551
4.44449374649841
4.073257601831574
3.81441560364794
3.616985033080746
3.4582563695330464
3.3265050930042346
3.2148215808091116
3.1187067741042847
3.035020985500123
2.9614665235429856
2.8963044486676335
2.838185469724849
2.7860420600109137
2.739016128100775